200 200
199 229
201 200
198 229
202 200
197 229
203 200
196 229
204 200
195 229
204 200
195 229
205 200
194 229
206 201
193 228
207 201
192 228
208 201
191 228
208 201
191 228
209 202
190 227
210 202
189 227
211 202
188 227
211 203
188 226
212 203
187 226
213 203
186 226
213 204
186 225
214 204
185 225
215 204
184 225
215 205
184 224
216 205
183 224
216 206
183 223
217 206
182 223
217 207
182 222
218 207
181 222
218 207
181 222
219 208
180 221
220 208
179 221
220 209
179 220
220 209
179 220
221 210
178 219
221 210
178 219
222 211
177 218
222 211
177 218
223 212
176 217
223 212
176 217
223 213
176 216
224 213
175 216
224 214
175 215
225 214
174 215
225 215
174 214
225 215
174 214
226 215
173 214
226 216
173 213
226 216
173 213
227 217
172 212
227 217
172 212
227 218
172 211
228 218
171 211
228 219
171 210
228 219
171 210
228 220
171 209
229 220
170 209
229 221
170 208
229 221
170 208
230 222
169 207
230 222
169 207
230 223
169 206
230 223
169 206
230 224
169 205
231 224
168 205
231 224
168 205
231 225
168 204
231 225
168 204
232 226
167 203
232 226
167 203
232 227
167 202
232 227
167 202
232 228
167 201
233 228
166 201
233 228
166 201
233 229
166 200
233 229
166 200
233 230
166 199
233 230
166 199
234 231
165 198
234 231
165 198
234 232
165 197
234 232
165 197
234 232
165 197
234 233
165 196
234 233
165 196
235 234
164 195
235 234
164 195
235 234
164 195
235 235
164 194
235 235
164 194
235 236
164 193
235 236
164 193
235 237
164 192
236 237
163 192
236 237
163 192
236 238
163 191
236 238
163 191
236 239
163 190
236 239
163 190
236 239
163 190
236 240
163 189
236 240
163 189
236 241
163 188
237 241
162 188
237 241
162 188
237 242
162 187
237 242
162 187
237 242
162 187
237 243
162 186
237 243
162 186
237 244
162 185
237 244
162 185
237 244
162 185
237 245
162 184
237 245
162 184
237 246
162 183
237 246
162 183
238 246
161 183
238 247
161 182
238 247
161 182
238 247
161 182
238 248
161 181
238 248
161 181
238 248
161 181
238 249
161 180
238 249
161 180
238 250
161 179
238 250
161 179
238 250
161 179
238 251
161 178
238 251
161 178
238 251
161 178
238 252
161 177
238 252
161 177
238 252
161 177
238 253
161 176
238 253
161 176
238 253
161 176
238 254
161 175
238 254
161 175
238 254
161 175
238 255
161 174
238 255
161 174
238 255
161 174
239 256
160 173
239 256
160 173
239 256
160 173
239 257
160 172
239 257
160 172
239 257
160 172
239 258
160 171
239 258
160 171
239 258
160 171
239 259
160 170
239 259
160 170
239 259
160 170
239 260
160 169
239 260
160 169
239 260
160 169
239 261
160 168
239 261
160 168
239 261
160 168
239 261
160 168
239 262
160 167
239 262
160 167
239 262
160 167
239 263
160 166
239 263
160 166
239 263
160 166
239 264
160 165
239 264
160 165
239 264
160 165
239 264
160 165
239 265
160 164
239 265
160 164
239 265
160 164
239 266
160 163
239 266
160 163
238 266
161 163
238 267
161 162
238 267
161 162
238 267
161 162
238 267
161 162
238 268
161 161
238 268
161 161
238 268
161 161
238 269
161 160
238 269
161 160
238 269
161 160
238 269
161 160
238 270
161 159
238 270
161 159
238 270
161 159
238 270
161 159
238 271
161 158
238 271
161 158
238 271
161 158
238 272
161 157
238 272
161 157
238 272
161 157
238 272
161 157
238 273
161 156
238 273
161 156
238 273
161 156
238 273
161 156
238 274
161 155
238 274
161 155
238 274
161 155
238 274
161 155
238 275
161 154
238 275
161 154
238 275
161 154
238 275
161 154
237 276
162 153
237 276
162 153
237 276
162 153
237 277
162 152
237 277
162 152
237 277
162 152
237 277
162 152
237 278
162 151
237 278
162 151
237 278
162 151
237 278
162 151
237 278
162 151
237 279
162 150
237 279
162 150
237 279
162 150
237 279
162 150
237 280
162 149
237 280
162 149
237 280
162 149
237 280
162 149
237 281
162 148
236 281
163 148
236 281
163 148
236 281
163 148
236 282
163 147
236 282
163 147
236 282
163 147
236 282
163 147
236 283
163 146
236 283
163 146
236 283
163 146
236 283
163 146
236 283
163 146
236 284
163 145
236 284
163 145
236 284
163 145
236 284
163 145
236 285
163 144
236 285
163 144
235 285
164 144
235 285
164 144
235 285
164 144
235 286
164 143
235 286
164 143
235 286
164 143
235 286
164 143
235 287
164 142
235 287
164 142
235 287
164 142
235 287
164 142
235 287
164 142
235 288
164 141
235 288
164 141
235 288
164 141
235 288
164 141
234 288
165 141
234 289
165 140
234 289
165 140
234 289
165 140
234 289
165 140
234 289
165 140
234 290
165 139
234 290
165 139
234 290
165 139
234 290
165 139
234 290
165 139
234 291
165 138
234 291
165 138
234 291
165 138
234 291
165 138
233 291
166 138
233 292
166 137
233 292
166 137
233 292
166 137
233 292
166 137
233 292
166 137
233 293
166 136
233 293
166 136
233 293
166 136
233 293
166 136
233 293
166 136
233 294
166 135
233 294
166 135
232 294
167 135
232 294
167 135
232 294
167 135
232 294
167 135
232 295
167 134
232 295
167 134
232 295
167 134
232 295
167 134
232 295
167 134
232 296
167 133
232 296
167 133
232 296
167 133
232 296
167 133
231 296
168 133
231 296
168 133
231 297
168 132
231 297
168 132
231 297
168 132
231 297
168 132
231 297
168 132
231 298
168 131
231 298
168 131
231 298
168 131
231 298
168 131
231 298
168 131
230 298
169 131
230 299
169 130
230 299
169 130
230 299
169 130
230 299
169 130
230 299
169 130
230 299
169 130
230 300
169 129
230 300
169 129
230 300
169 129
230 300
169 129
230 300
169 129
229 300
170 129
229 300
170 129
229 301
170 128
229 301
170 128
229 301
170 128
229 301
170 128
229 301
170 128
229 301
170 128
229 302
170 127
229 302
170 127
229 302
170 127
229 302
170 127
228 302
171 127
228 302
171 127
228 303
171 126
228 303
171 126
228 303
171 126
228 303
171 126
228 303
171 126
228 303
171 126
228 303
171 126
228 304
171 125
228 304
171 125
227 304
172 125
227 304
172 125
227 304
172 125
227 304
172 125
227 304
172 125
227 305
172 124
227 305
172 124
227 305
172 124
227 305
172 124
227 305
172 124
227 305
172 124
226 305
173 124
226 306
173 123
226 306
173 123
226 306
173 123
226 306
173 123
226 306
173 123
226 306
173 123
226 306
173 123
226 307
173 122
226 307
173 122
226 307
173 122
225 307
174 122
225 307
174 122
225 307
174 122
225 307
174 122
225 307
174 122
225 308
174 121
225 308
174 121
225 308
174 121
225 308
174 121
225 308
174 121
224 308
175 121
224 308
175 121
224 308
175 121
224 309
175 120
224 309
175 120
224 309
175 120
224 309
175 120
224 309
175 120
224 309
175 120
224 309
175 120
224 309
175 120
223 310
176 119
223 310
176 119
223 310
176 119
223 310
176 119
223 310
176 119
223 310
176 119
223 310
176 119
223 310
176 119
223 311
176 118
223 311
176 118
222 311
177 118
222 311
177 118
222 311
177 118
222 311
177 118
222 311
177 118
222 311
177 118
222 311
177 118
222 312
177 117
222 312
177 117
222 312
177 117
221 312
178 117
221 312
178 117
221 312
178 117
221 312
178 117
221 312
178 117
221 312
178 117
221 312
178 117
221 313
178 116
221 313
178 116
221 313
178 116
220 313
179 116
220 313
179 116
220 313
179 116
220 313
179 116
220 313
179 116
220 313
179 116
220 314
179 115
220 314
179 115
220 314
179 115
220 314
179 115
219 314
180 115
219 314
180 115
219 314
180 115
219 314
180 115
219 314
180 115
219 314
180 115
219 314
180 115
219 315
180 114
219 315
180 114
218 315
181 114
218 315
181 114
218 315
181 114
218 315
181 114
218 315
181 114
218 315
181 114
218 315
181 114
218 315
181 114
218 315
181 114
218 316
181 113
217 316
182 113
217 316
182 113
217 316
182 113
217 316
182 113
217 316
182 113
217 316
182 113
217 316
182 113
217 316
182 113
217 316
182 113
216 316
183 113
216 316
183 113
216 317
183 112
216 317
183 112
216 317
183 112
216 317
183 112
216 317
183 112
216 317
183 112
216 317
183 112
216 317
183 112
215 317
184 112
215 317
184 112
215 317
184 112
215 317
184 112
215 318
184 111
215 318
184 111
215 318
184 111
215 318
184 111
215 318
184 111
214 318
185 111
214 318
185 111
214 318
185 111
214 318
185 111
214 318
185 111
214 318
185 111
214 318
185 111
214 318
185 111
214 318
185 111
214 319
185 110
213 319
186 110
213 319
186 110
213 319
186 110
213 319
186 110
213 319
186 110
213 319
186 110
213 319
186 110
213 319
186 110
213 319
186 110
212 319
187 110
212 319
187 110
212 319
187 110
212 319
187 110
212 319
187 110
212 319
187 110
212 320
187 109
212 320
187 109
212 320
187 109
211 320
188 109
211 320
188 109
211 320
188 109
211 320
188 109
211 320
188 109
211 320
188 109
211 320
188 109
211 320
188 109
211 320
188 109
210 320
189 109
210 320
189 109
210 320
189 109
210 320
189 109
210 320
189 109
210 320
189 109
210 320
189 109
210 321
189 108
210 321
189 108
209 321
190 108
209 321
190 108
209 321
190 108
209 321
190 108
209 321
190 108
209 321
190 108
209 321
190 108
209 321
190 108
209 321
190 108
208 321
191 108
208 321
191 108
208 321
191 108
208 321
191 108
208 321
191 108
208 321
191 108
208 321
191 108
208 321
191 108
208 321
191 108
207 321
192 108
207 321
192 108
207 321
192 108
207 322
192 107
207 322
192 107
207 322
192 107
207 322
192 107
207 322
192 107
207 322
192 107
206 322
193 107
206 322
193 107
206 322
193 107
206 322
193 107
206 322
193 107
206 322
193 107
206 322
193 107
206 322
193 107
206 322
193 107
205 322
194 107
205 322
194 107
205 322
194 107
205 322
194 107
205 322
194 107
205 322
194 107
205 322
194 107
205 322
194 107
205 322
194 107
204 322
195 107
204 322
195 107
204 322
195 107
204 322
195 107
204 322
195 107
204 322
195 107
204 322
195 107
204 322
195 107
204 322
195 107
203 323
196 106
203 323
196 106
203 323
196 106
203 323
196 106
203 323
196 106
203 323
196 106
203 323
196 106
203 323
196 106
203 323
196 106
202 323
197 106
202 323
197 106
202 323
197 106
202 323
197 106
202 323
197 106
202 323
197 106
202 323
197 106
202 323
197 106
202 323
197 106
201 323
198 106
201 323
198 106
201 323
198 106
201 323
198 106
201 323
198 106
201 323
198 106
201 323
198 106
201 323
198 106
201 323
198 106
200 323
199 106
200 323
199 106
200 323
199 106
200 323
199 106
200 323
199 106
200 323
199 106
200 323
199 106
200 323
199 106
200 323
199 106
199 323
200 106
199 323
200 106
199 323
200 106
199 323
200 106
199 323
200 106
199 323
200 106
199 323
200 106
199 323
200 106
199 323
200 106
198 323
201 106
198 323
201 106
198 323
201 106
198 323
201 106
198 323
201 106
198 323
201 106
198 323
201 106
198 323
201 106
198 323
201 106
197 323
202 106
197 323
202 106
197 323
202 106
197 323
202 106
197 323
202 106
197 323
202 106
197 323
202 106
197 323
202 106
197 323
202 106
196 323
203 106
196 323
203 106
196 323
203 106
196 323
203 106
196 323
203 106
196 323
203 106
196 323
203 106
196 323
203 106
196 323
203 106
195 323
204 106
195 323
204 106
195 323
204 106
195 323
204 106
195 323
204 106
195 323
204 106
195 323
204 106
195 323
204 106
195 323
204 106
194 323
205 106
194 323
205 106
194 323
205 106
194 323
205 106
194 323
205 106
194 322
205 107
194 322
205 107
194 322
205 107
194 322
205 107
193 322
206 107
193 322
206 107
193 322
206 107
193 322
206 107
193 322
206 107
193 322
206 107
193 322
206 107
193 322
206 107
193 322
206 107
192 322
207 107
192 322
207 107
192 322
207 107
192 322
207 107
192 322
207 107
192 322
207 107
192 322
207 107
192 322
207 107
192 322
207 107
191 322
208 107
191 322
208 107
191 322
208 107
191 322
208 107
191 322
208 107
191 322
208 107
191 322
208 107
191 322
208 107
191 322
208 107
190 322
209 107
190 322
209 107
190 322
209 107
190 321
209 108
190 321
209 108
190 321
209 108
190 321
209 108
190 321
209 108
190 321
209 108
189 321
210 108
189 321
210 108
189 321
210 108
189 321
210 108
189 321
210 108
189 321
210 108
189 321
210 108
189 321
210 108
189 321
210 108
188 321
211 108
188 321
211 108
188 321
211 108
188 321
211 108
188 321
211 108
188 321
211 108
188 321
211 108
188 321
211 108
188 320
211 109
187 320
212 109
187 320
212 109
187 320
212 109
187 320
212 109
187 320
212 109
187 320
212 109
187 320
212 109
187 320
212 109
187 320
212 109
186 320
213 109
186 320
213 109
186 320
213 109
186 320
213 109
186 320
213 109
186 320
213 109
186 320
213 109
186 320
213 109
186 319
213 110
186 319
213 110
185 319
214 110
185 319
214 110
185 319
214 110
185 319
214 110
185 319
214 110
185 319
214 110
185 319
214 110
185 319
214 110
185 319
214 110
184 319
215 110
184 319
215 110
184 319
215 110
184 319
215 110
184 319
215 110
184 318
215 111
184 318
215 111
184 318
215 111
184 318
215 111
183 318
216 111
183 318
216 111
183 318
216 111
183 318
216 111
183 318
216 111
183 318
216 111
183 318
216 111
183 318
216 111
183 318
216 111
183 318
216 111
182 317
217 112
182 317
217 112
182 317
217 112
182 317
217 112
182 317
217 112
182 317
217 112
182 317
217 112
182 317
217 112
182 317
217 112
181 317
218 112
181 317
218 112
181 317
218 112
181 317
218 112
181 316
218 113
181 316
218 113
181 316
218 113
181 316
218 113
181 316
218 113
181 316
218 113
180 316
219 113
180 316
219 113
180 316
219 113
180 316
219 113
180 316
219 113
180 316
219 113
180 315
219 114
180 315
219 114
180 315
219 114
180 315
219 114
179 315
220 114
179 315
220 114
179 315
220 114
179 315
220 114
179 315
220 114
179 315
220 114
179 315
220 114
179 314
220 115
179 314
220 115
178 314
221 115
178 314
221 115
178 314
221 115
178 314
221 115
178 314
221 115
178 314
221 115
178 314
221 115
178 314
221 115
178 314
221 115
178 313
221 116
177 313
222 116
177 313
222 116
177 313
222 116
177 313
222 116
177 313
222 116
177 313
222 116
177 313
222 116
177 313
222 116
177 312
222 117
177 312
222 117
176 312
223 117
176 312
223 117
176 312
223 117
176 312
223 117
176 312
223 117
176 312
223 117
176 312
223 117
176 312
223 117
176 311
223 118
176 311
223 118
175 311
224 118
175 311
224 118
175 311
224 118
175 311
224 118
175 311
224 118
175 311
224 118
175 311
224 118
175 310
224 119
175 310
224 119
175 310
224 119
175 310
224 119
174 310
225 119
174 310
225 119
174 310
225 119
174 310
225 119
174 309
225 120
174 309
225 120
174 309
225 120
174 309
225 120
174 309
225 120
174 309
225 120
173 309
226 120
173 309
226 120
173 308
226 121
173 308
226 121
173 308
226 121
173 308
226 121
173 308
226 121
173 308
226 121
173 308
226 121
173 308
226 121
173 307
226 122
172 307
227 122
172 307
227 122
172 307
227 122
172 307
227 122
172 307
227 122
172 307
227 122
172 307
227 122
172 306
227 123
172 306
227 123
172 306
227 123
172 306
227 123
171 306
228 123
171 306
228 123
171 306
228 123
171 305
228 124
171 305
228 124
171 305
228 124
171 305
228 124
171 305
228 124
171 305
228 124
171 305
228 124
171 304
228 125
170 304
229 125
170 304
229 125
170 304
229 125
170 304
229 125
170 304
229 125
170 304
229 125
170 303
229 126
170 303
229 126
170 303
229 126
170 303
229 126
170 303
229 126
169 303
230 126
169 303
230 126
169 302
230 127
169 302
230 127
169 302
230 127
169 302
230 127
169 302
230 127
169 302
230 127
169 301
230 128
169 301
230 128
169 301
230 128
169 301
230 128
168 301
231 128
168 301
231 128
168 301
231 128
168 300
231 129
168 300
231 129
168 300
231 129
168 300
231 129
168 300
231 129
168 300
231 129
168 299
231 130
168 299
231 130
168 299
231 130
167 299
232 130
167 299
232 130
167 299
232 130
167 298
232 131
167 298
232 131
167 298
232 131
167 298
232 131
167 298
232 131
167 298
232 131
167 297
232 132
167 297
232 132
167 297
232 132
167 297
232 132
166 297
233 132
166 297
233 132
166 296
233 133
166 296
233 133
166 296
233 133
166 296
233 133
166 296
233 133
166 295
233 134
166 295
233 134
166 295
233 134
166 295
233 134
166 295
233 134
166 295
233 134
165 294
234 135
165 294
234 135
165 294
234 135
165 294
234 135
165 294
234 135
165 293
234 136
165 293
234 136
165 293
234 136
165 293
234 136
165 293
234 136
165 292
234 137
165 292
234 137
165 292
234 137
165 292
234 137
164 292
235 137
164 292
235 137
164 291
235 138
164 291
235 138
164 291
235 138
164 291
235 138
164 291
235 138
164 290
235 139
164 290
235 139
164 290
235 139
164 290
235 139
164 290
235 139
164 289
235 140
164 289
235 140
164 289
235 140
163 289
236 140
163 289
236 140
163 288
236 141
163 288
236 141
163 288
236 141
163 288
236 141
163 287
236 142
163 287
236 142
163 287
236 142
163 287
236 142
163 287
236 142
163 286
236 143
163 286
236 143
163 286
236 143
163 286
236 143
163 286
236 143
162 285
237 144
162 285
237 144
162 285
237 144
162 285
237 144
162 284
237 145
162 284
237 145
162 284
237 145
162 284
237 145
162 284
237 145
162 283
237 146
162 283
237 146
162 283
237 146
162 283
237 146
162 282
237 147
162 282
237 147
162 282
237 147
162 282
237 147
162 282
237 147
162 281
237 148
161 281
238 148
161 281
238 148
161 281
238 148
161 280
238 149
161 280
238 149
161 280
238 149
161 280
238 149
161 279
238 150
161 279
238 150
161 279
238 150
161 279
238 150
161 278
238 151
161 278
238 151
161 278
238 151
161 278
238 151
161 277
238 152
161 277
238 152
161 277
238 152
161 277
238 152
161 276
238 153
161 276
238 153
161 276
238 153
161 276
238 153
160 275
239 154
160 275
239 154
160 275
239 154
160 275
239 154
160 274
239 155
160 274
239 155
160 274
239 155
160 274
239 155
160 273
239 156
160 273
239 156
160 273
239 156
160 273
239 156
160 272
239 157
160 272
239 157
160 272
239 157
160 272
239 157
160 271
239 158
160 271
239 158
160 271
239 158
160 270
239 159
160 270
239 159
160 270
239 159
160 270
239 159
160 269
239 160
160 269
239 160
160 269
239 160
160 269
239 160
160 268
239 161
160 268
239 161
160 268
239 161
160 267
239 162
160 267
239 162
160 267
239 162
160 267
239 162
160 266
239 163
160 266
239 163
160 266
239 163
160 265
239 164
160 265
239 164
160 265
239 164
160 265
239 164
160 264
239 165
160 264
239 165
160 264
239 165
160 263
239 166
160 263
239 166
160 263
239 166
160 262
239 167
160 262
239 167
160 262
239 167
160 262
239 167
160 261
239 168
160 261
239 168
160 261
239 168
160 260
239 169
160 260
239 169
160 260
239 169
160 259
239 170
160 259
239 170
160 259
239 170
160 258
239 171
160 258
239 171
160 258
239 171
160 257
239 172
160 257
239 172
160 257
239 172
160 256
239 173
160 256
239 173
160 256
239 173
160 255
239 174
160 255
239 174
160 255
239 174
160 255
239 174
160 254
239 175
160 254
239 175
160 253
239 176
160 253
239 176
160 253
239 176
160 252
239 177
160 252
239 177
160 252
239 177
160 251
239 178
160 251
239 178
160 251
239 178
160 250
239 179
160 250
239 179
160 250
239 179
160 249
239 180
160 249
239 180
161 249
238 180
161 248
238 181
161 248
238 181
161 248
238 181
161 247
238 182
161 247
238 182
161 246
238 183
161 246
238 183
161 246
238 183
161 245
238 184
161 245
238 184
161 245
238 184
161 244
238 185
161 244
238 185
161 244
238 185
162 243
237 186
162 243
237 186
162 242
237 187
162 242
237 187
162 242
237 187
162 241
237 188
162 241
237 188
162 240
237 189
162 240
237 189
162 240
237 189
162 239
237 190
163 239
236 190
163 238
236 191
163 238
236 191
163 238
236 191
163 237
236 192
163 237
236 192
163 236
236 193
163 236
236 193
163 236
236 193
164 235
235 194
164 235
235 194
164 234
235 195
164 234
235 195
164 234
235 195
164 233
235 196
164 233
235 196
165 232
234 197
165 232
234 197
165 231
234 198
165 231
234 198
165 231
234 198
165 230
234 199
165 230
234 199
166 229
233 200
166 229
233 200
166 228
233 201
166 228
233 201
166 228
233 201
167 227
232 202
167 227
232 202
167 226
232 203
167 226
232 203
167 225
232 204
168 225
231 204
168 224
231 205
168 224
231 205
168 224
231 205
169 223
230 206
169 223
230 206
169 222
230 207
169 222
230 207
170 221
229 208
170 221
229 208
170 220
229 209
170 220
229 209
171 219
228 210
171 219
228 210
171 218
228 211
172 218
227 211
172 218
227 211
172 217
227 212
173 217
226 212
173 216
226 213
173 216
226 213
174 215
225 214
174 215
225 214
174 214
225 215
175 214
224 215
175 213
224 216
176 213
223 216
176 212
223 217
176 212
223 217
177 211
222 218
177 211
222 218
178 210
221 219
178 210
221 219
179 209
220 220
179 209
220 220
180 209
219 220
180 208
219 221
181 208
218 221
181 207
218 222
182 207
217 222
182 206
217 223
183 206
216 223
184 206
215 223
184 205
215 224
185 205
214 224
185 204
214 225
186 204
213 225
187 204
212 225
187 203
212 226
188 203
211 226
189 203
210 226
190 202
209 227
190 202
209 227
191 202
208 227
192 202
207 227
193 201
206 228
194 201
205 228
194 201
205 228
195 201
204 228
196 201
203 228
197 201
202 228
198 201
201 228
199 201
200 228
199 201
200 228
200 201
199 228
201 201
198 228
202 201
197 228
203 201
196 228
204 201
195 228
204 201
195 228
205 202
194 227
206 202
193 227
207 202
192 227
208 202
191 227
208 203
191 226
209 203
190 226
210 203
189 226
211 204
188 225
211 204
188 225
212 204
187 225
213 205
186 224
213 205
186 224
214 206
185 223
214 206
185 223
215 207
184 222
216 207
183 222
216 208
183 221
217 208
182 221
217 209
182 220
218 209
181 220
218 210
181 219
219 210
180 219
219 211
180 218
219 211
180 218
220 212
179 217
220 212
179 217
221 213
178 216
221 213
178 216
221 214
178 215
222 214
177 215
222 215
177 214
222 215
177 214
223 216
176 213
223 216
176 213
223 217
176 212
224 217
175 212
224 218
175 211
224 218
175 211
225 219
174 210
225 219
174 210
225 220
174 209
225 220
174 209
226 221
173 208
226 221
173 208
226 222
173 207
226 222
173 207
226 223
173 206
227 223
172 206
227 224
172 205
227 224
172 205
227 224
172 205
227 225
172 204
228 225
171 204
228 226
171 203
228 226
171 203
228 227
171 202
228 227
171 202
228 228
171 201
228 228
171 201
229 229
170 200
229 229
170 200
229 230
170 199
229 230
170 199
229 230
170 199
229 231
170 198
229 231
170 198
229 232
170 197
229 232
170 197
230 233
169 196
230 233
169 196
230 234
169 195
230 234
169 195
230 234
169 195
230 235
169 194
230 235
169 194
230 236
169 193
230 236
169 193
230 237
169 192
230 237
169 192
230 237
169 192
230 238
169 191
230 238
169 191
230 239
169 190
230 239
169 190
230 239
169 190
230 240
169 189
231 240
168 189
231 241
168 188
231 241
168 188
231 241
168 188
231 242
168 187
231 242
168 187
231 242
168 187
231 243
168 186
231 243
168 186
231 244
168 185
231 244
168 185
231 244
168 185
231 245
168 184
231 245
168 184
231 245
168 184
231 246
168 183
231 246
168 183
231 246
168 183
231 247
168 182
231 247
168 182
231 248
168 181
231 248
168 181
231 248
168 181
231 249
168 180
230 249
169 180
230 249
169 180
230 250
169 179
230 250
169 179
230 250
169 179
230 251
169 178
230 251
169 178
230 251
169 178
230 252
169 177
230 252
169 177
230 252
169 177
230 253
169 176
230 253
169 176
230 253
169 176
230 253
169 176
230 254
169 175
230 254
169 175
230 254
169 175
230 255
169 174
230 255
169 174
230 255
169 174
230 256
169 173
230 256
169 173
229 256
170 173
229 256
170 173
229 257
170 172
229 257
170 172
229 257
170 172
229 258
170 171
229 258
170 171
229 258
170 171
229 259
170 170
229 259
170 170
229 259
170 170
229 259
170 170
229 260
170 169
229 260
170 169
229 260
170 169
228 260
171 169
228 261
171 168
228 261
171 168
228 261
171 168
228 262
171 167
228 262
171 167
228 262
171 167
228 262
171 167
228 263
171 166
228 263
171 166
228 263
171 166
228 263
171 166
227 264
172 165
227 264
172 165
227 264
172 165
227 264
172 165
227 265
172 164
227 265
172 164
227 265
172 164
227 265
172 164
227 266
172 163
227 266
172 163
226 266
173 163
226 266
173 163
226 266
173 163
226 267
173 162
226 267
173 162
226 267
173 162
226 267
173 162
226 268
173 161
226 268
173 161
226 268
173 161
225 268
174 161
225 269
174 160
225 269
174 160
225 269
174 160
225 269
174 160
225 269
174 160
225 270
174 159
225 270
174 159
225 270
174 159
225 270
174 159
224 270
175 159
224 271
175 158
224 271
175 158
224 271
175 158
224 271
175 158
224 271
175 158
224 272
175 157
224 272
175 157
223 272
176 157
223 272
176 157
223 272
176 157
223 273
176 156
223 273
176 156
223 273
176 156
223 273
176 156
223 273
176 156
223 274
176 155
222 274
177 155
222 274
177 155
222 274
177 155
222 274
177 155
222 274
177 155
222 275
177 154
222 275
177 154
222 275
177 154
221 275
178 154
221 275
178 154
221 276
178 153
221 276
178 153
221 276
178 153
221 276
178 153
221 276
178 153
221 276
178 153
220 277
179 152
220 277
179 152
220 277
179 152
220 277
179 152
220 277
179 152
220 277
179 152
220 277
179 152
220 278
179 151
219 278
180 151
219 278
180 151
219 278
180 151
219 278
180 151
219 278
180 151
219 279
180 150
219 279
180 150
218 279
181 150
218 279
181 150
218 279
181 150
218 279
181 150
218 279
181 150
218 280
181 149
218 280
181 149
217 280
182 149
217 280
182 149
217 280
182 149
217 280
182 149
217 280
182 149
217 280
182 149
217 281
182 148
217 281
182 148
216 281
183 148
216 281
183 148
216 281
183 148
216 281
183 148
216 281
183 148
216 281
183 148
216 282
183 147
215 282
184 147
215 282
184 147
215 282
184 147
215 282
184 147
215 282
184 147
215 282
184 147
215 282
184 147
214 283
185 146
214 283
185 146
214 283
185 146
214 283
185 146
214 283
185 146
214 283
185 146
214 283
185 146
213 283
186 146
213 283
186 146
213 283
186 146
213 284
186 145
213 284
186 145
213 284
186 145
213 284
186 145
212 284
187 145
212 284
187 145
212 284
187 145
212 284
187 145
212 284
187 145
212 284
187 145
211 284
188 145
211 285
188 144
211 285
188 144
211 285
188 144
211 285
188 144
211 285
188 144
211 285
188 144
210 285
189 144
210 285
189 144
210 285
189 144
210 285
189 144
210 285
189 144
210 285
189 144
210 285
189 144
209 286
190 143
209 286
190 143
209 286
190 143
209 286
190 143
209 286
190 143
209 286
190 143
208 286
191 143
208 286
191 143
208 286
191 143
208 286
191 143
208 286
191 143
208 286
191 143
208 286
191 143
207 286
192 143
207 286
192 143
207 286
192 143
207 287
192 142
207 287
192 142
207 287
192 142
207 287
192 142
206 287
193 142
206 287
193 142
206 287
193 142
206 287
193 142
206 287
193 142
206 287
193 142
205 287
194 142
205 287
194 142
205 287
194 142
205 287
194 142
205 287
194 142
205 287
194 142
205 287
194 142
204 287
195 142
204 287
195 142
204 287
195 142
204 287
195 142
204 287
195 142
204 287
195 142
203 287
196 142
203 287
196 142
203 288
196 141
203 288
196 141
203 288
196 141
203 288
196 141
202 288
197 141
202 288
197 141
202 288
197 141
202 288
197 141
202 288
197 141
202 288
197 141
202 288
197 141
201 288
198 141
201 288
198 141
201 288
198 141
201 288
198 141
201 288
198 141
201 288
198 141
200 288
199 141
200 288
199 141
200 288
199 141
200 288
199 141
200 288
199 141
200 288
199 141
200 288
199 141
199 288
200 141
199 288
200 141
199 288
200 141
199 288
200 141
199 288
200 141
199 288
200 141
198 288
201 141
198 288
201 141
198 288
201 141
198 288
201 141
198 288
201 141
198 288
201 141
198 288
201 141
197 288
202 141
197 288
202 141
197 288
202 141
197 288
202 141
197 288
202 141
197 288
202 141
196 288
203 141
196 288
203 141
196 288
203 141
196 288
203 141
196 288
203 141
196 288
203 141
196 287
203 142
195 287
204 142
195 287
204 142
195 287
204 142
195 287
204 142
195 287
204 142
195 287
204 142
194 287
205 142
194 287
205 142
194 287
205 142
194 287
205 142
194 287
205 142
194 287
205 142
194 287
205 142
193 287
206 142
193 287
206 142
193 287
206 142
193 287
206 142
193 287
206 142
193 287
206 142
192 287
207 142
192 287
207 142
192 287
207 142
192 287
207 142
192 287
207 142
192 286
207 143
192 286
207 143
191 286
208 143
191 286
208 143
191 286
208 143
191 286
208 143
191 286
208 143
191 286
208 143
190 286
209 143
190 286
209 143
190 286
209 143
190 286
209 143
190 286
209 143
190 286
209 143
190 286
209 143
189 286
210 143
189 285
210 144
189 285
210 144
189 285
210 144
189 285
210 144
189 285
210 144
189 285
210 144
188 285
211 144
188 285
211 144
188 285
211 144
188 285
211 144
188 285
211 144
188 285
211 144
187 284
212 145
187 284
212 145
187 284
212 145
187 284
212 145
187 284
212 145
187 284
212 145
187 284
212 145
186 284
213 145
186 284
213 145
186 284
213 145
186 284
213 145
186 283
213 146
186 283
213 146
186 283
213 146
185 283
214 146
185 283
214 146
185 283
214 146
185 283
214 146
185 283
214 146
185 283
214 146
185 283
214 146
184 282
215 147
184 282
215 147
184 282
215 147
184 282
215 147
184 282
215 147
184 282
215 147
184 282
215 147
183 282
216 147
183 282
216 147
183 281
216 148
183 281
216 148
183 281
216 148
183 281
216 148
183 281
216 148
182 281
217 148
182 281
217 148
182 281
217 148
182 280
217 149
182 280
217 149
182 280
217 149
182 280
217 149
181 280
218 149
181 280
218 149
181 280
218 149
181 279
218 150
181 279
218 150
181 279
218 150
181 279
218 150
181 279
218 150
180 279
219 150
180 279
219 150
180 278
219 151
180 278
219 151
180 278
219 151
180 278
219 151
180 278
219 151
179 278
220 151
179 278
220 151
179 277
220 152
179 277
220 152
179 277
220 152
179 277
220 152
179 277
220 152
179 277
220 152
178 276
221 153
178 276
221 153
178 276
221 153
178 276
221 153
178 276
221 153
178 276
221 153
178 275
221 154
178 275
221 154
177 275
222 154
177 275
222 154
177 275
222 154
177 275
222 154
177 274
222 155
177 274
222 155
177 274
222 155
177 274
222 155
176 274
223 155
176 273
223 156
176 273
223 156
176 273
223 156
176 273
223 156
176 273
223 156
176 273
223 156
176 272
223 157
176 272
223 157
175 272
224 157
175 272
224 157
175 272
224 157
175 271
224 158
175 271
224 158
175 271
224 158
175 271
224 158
175 271
224 158
174 270
225 159
174 270
225 159
174 270
225 159
174 270
225 159
174 269
225 160
174 269
225 160
174 269
225 160
174 269
225 160
174 269
225 160
174 268
225 161
173 268
226 161
173 268
226 161
173 268
226 161
173 267
226 162
173 267
226 162
173 267
226 162
173 267
226 162
173 267
226 162
173 266
226 163
173 266
226 163
172 266
227 163
172 266
227 163
172 265
227 164
172 265
227 164
172 265
227 164
172 265
227 164
172 264
227 165
172 264
227 165
172 264
227 165
172 264
227 165
172 263
227 166
171 263
228 166
171 263
228 166
171 263
228 166
171 262
228 167
171 262
228 167
171 262
228 167
171 262
228 167
171 261
228 168
171 261
228 168
171 261
228 168
171 261
228 168
171 260
228 169
170 260
229 169
170 260
229 169
170 259
229 170
170 259
229 170
170 259
229 170
170 259
229 170
170 258
229 171
170 258
229 171
170 258
229 171
170 257
229 172
170 257
229 172
170 257
229 172
170 257
229 172
170 256
229 173
170 256
229 173
169 256
230 173
169 255
230 174
169 255
230 174
169 255
230 174
169 254
230 175
169 254
230 175
169 254
230 175
169 254
230 175
169 253
230 176
169 253
230 176
169 253
230 176
169 252
230 177
169 252
230 177
169 252
230 177
169 251
230 178
169 251
230 178
169 251
230 178
169 250
230 179
169 250
230 179
169 250
230 179
169 249
230 180
169 249
230 180
169 249
230 180
169 248
230 181
169 248
230 181
169 248
230 181
168 247
231 182
168 247
231 182
168 247
231 182
168 246
231 183
168 246
231 183
168 245
231 184
168 245
231 184
168 245
231 184
168 244
231 185
168 244
231 185
168 244
231 185
168 243
231 186
168 243
231 186
168 242
231 187
169 242
230 187
169 242
230 187
169 241
230 188
169 241
230 188
169 241
230 188
169 240
230 189
169 240
230 189
169 239
230 190
169 239
230 190
169 239
230 190
169 238
230 191
169 238
230 191
169 237
230 192
169 237
230 192
169 237
230 192
169 236
230 193
169 236
230 193
169 235
230 194
169 235
230 194
169 234
230 195
169 234
230 195
170 234
229 195
170 233
229 196
170 233
229 196
170 232
229 197
170 232
229 197
170 231
229 198
170 231
229 198
170 231
229 198
170 230
229 199
170 230
229 199
171 229
228 200
171 229
228 200
171 228
228 201
171 228
228 201
171 227
228 202
171 227
228 202
171 226
228 203
172 226
227 203
172 225
227 204
172 225
227 204
172 224
227 205
172 224
227 205
172 224
227 205
173 223
226 206
173 223
226 206
173 222
226 207
173 222
226 207
174 221
225 208
174 221
225 208
174 220
225 209
174 220
225 209
175 219
224 210
175 219
224 210
175 218
224 211
175 218
224 211
176 217
223 212
176 217
223 212
176 216
223 213
177 216
222 213
177 215
222 214
177 215
222 214
178 214
221 215
178 213
221 216
179 213
220 216
179 212
220 217
179 212
220 217
180 211
219 218
180 211
219 218
181 210
218 219
181 210
218 219
182 209
217 220
182 209
217 220
183 209
216 220
183 208
216 221
184 208
215 221
184 207
215 222
185 207
214 222
186 206
213 223
186 206
213 223
187 205
212 224
188 205
211 224
188 205
211 224
189 204
210 225
190 204
209 225
190 204
209 225
191 203
208 226
192 203
207 226
193 203
206 226
194 203
205 226
195 202
204 227
195 202
204 227
196 202
203 227
197 202
202 227
198 202
201 227
199 202
200 227
200 202
199 227
201 202
198 227
201 202
198 227
202 202
197 227
203 202
196 227
204 203
195 226
205 203
194 226
206 203
193 226
206 203
193 226
207 204
192 225
208 204
191 225
209 204
190 225
209 205
190 224
210 205
189 224
211 206
188 223
211 206
188 223
212 207
187 222
213 207
186 222
213 208
186 221
214 208
185 221
214 209
185 220
215 209
184 220
215 210
184 219
216 210
183 219
216 211
183 218
217 211
182 218
217 212
182 217
218 212
181 217
218 213
181 216
218 213
181 216
219 214
180 215
219 214
180 215
219 215
180 214
220 216
179 213
220 216
179 213
220 217
179 212
220 217
179 212
221 218
178 211
221 218
178 211
221 219
178 210
221 219
178 210
222 220
177 209
222 220
177 209
222 221
177 208
222 221
177 208
222 222
177 207
222 222
177 207
223 223
176 206
223 223
176 206
223 224
176 205
223 225
176 204
223 225
176 204
223 225
176 204
223 226
176 203
223 226
176 203
224 227
175 202
224 227
175 202
224 228
175 201
224 228
175 201
224 229
175 200
224 229
175 200
224 230
175 199
224 230
175 199
224 231
175 198
224 231
175 198
224 232
175 197
224 232
175 197
224 232
175 197
224 233
175 196
224 233
175 196
224 234
175 195
224 234
175 195
224 235
175 194
224 235
175 194
224 235
175 194
224 236
175 193
224 236
175 193
224 237
175 192
224 237
175 192
224 237
175 192
224 238
175 191
224 238
175 191
224 239
175 190
224 239
175 190
224 239
175 190
224 240
175 189
223 240
176 189
223 241
176 188
223 241
176 188
223 241
176 188
223 242
176 187
223 242
176 187
223 242
176 187
223 243
176 186
223 243
176 186
223 243
176 186
223 244
176 185
223 244
176 185
223 244
176 185
222 245
177 184
222 245
177 184
222 245
177 184
222 246
177 183
222 246
177 183
222 246
177 183
222 247
177 182
222 247
177 182
222 247
177 182
221 248
178 181
221 248
178 181
221 248
178 181
221 248
178 181
221 249
178 180
221 249
178 180
221 249
178 180
221 250
178 179
220 250
179 179
220 250
179 179
220 250
179 179
220 251
179 178
220 251
179 178
220 251
179 178
220 251
179 178
219 252
180 177
219 252
180 177
219 252
180 177
219 252
180 177
219 253
180 176
219 253
180 176
218 253
181 176
218 253
181 176
218 254
181 175
218 254
181 175
218 254
181 175
218 254
181 175
218 255
181 174
217 255
182 174
217 255
182 174
217 255
182 174
217 255
182 174
217 256
182 173
217 256
182 173
216 256
183 173
216 256
183 173
216 256
183 173
216 257
183 172
216 257
183 172
215 257
184 172
215 257
184 172
215 257
184 172
215 258
184 171
215 258
184 171
215 258
184 171
214 258
185 171
214 258
185 171
214 258
185 171
214 259
185 170
214 259
185 170
213 259
186 170
213 259
186 170
213 259
186 170
213 259
186 170
213 260
186 169
213 260
186 169
212 260
187 169
212 260
187 169
212 260
187 169
212 260
187 169
212 260
187 169
211 261
188 168
211 261
188 168
211 261
188 168
211 261
188 168
211 261
188 168
210 261
189 168
210 261
189 168
210 261
189 168
210 262
189 167
210 262
189 167
209 262
190 167
209 262
190 167
209 262
190 167
209 262
190 167
209 262
190 167
208 262
191 167
208 262
191 167
208 262
191 167
208 263
191 166
208 263
191 166
207 263
192 166
207 263
192 166
207 263
192 166
207 263
192 166
207 263
192 166
206 263
193 166
206 263
193 166
206 263
193 166
206 263
193 166
206 263
193 166
205 263
194 166
205 264
194 165
205 264
194 165
205 264
194 165
205 264
194 165
204 264
195 165
204 264
195 165
204 264
195 165
204 264
195 165
203 264
196 165
203 264
196 165
203 264
196 165
203 264
196 165
203 264
196 165
202 264
197 165
202 264
197 165
202 264
197 165
202 264
197 165
202 264
197 165
201 264
198 165
201 264
198 165
201 264
198 165
201 264
198 165
201 264
198 165
200 264
199 165
200 264
199 165
200 264
199 165
200 264
199 165
199 264
200 165
199 264
200 165
199 264
200 165
199 264
200 165
199 264
200 165
198 264
201 165
198 264
201 165
198 264
201 165
198 264
201 165
198 264
201 165
197 264
202 165
197 264
202 165
197 264
202 165
197 264
202 165
197 264
202 165
196 264
203 165
196 264
203 165
196 264
203 165
196 264
203 165
195 264
204 165
195 264
204 165
195 264
204 165
195 264
204 165
195 263
204 166
194 263
205 166
194 263
205 166
194 263
205 166
194 263
205 166
194 263
205 166
193 263
206 166
193 263
206 166
193 263
206 166
193 263
206 166
193 263
206 166
192 263
207 166
192 263
207 166
192 263
207 166
192 262
207 167
192 262
207 167
191 262
208 167
191 262
208 167
191 262
208 167
191 262
208 167
191 262
208 167
190 262
209 167
190 262
209 167
190 261
209 168
190 261
209 168
190 261
209 168
189 261
210 168
189 261
210 168
189 261
210 168
189 261
210 168
189 261
210 168
188 260
211 169
188 260
211 169
188 260
211 169
188 260
211 169
188 260
211 169
187 260
212 169
187 260
212 169
187 259
212 170
187 259
212 170
187 259
212 170
186 259
213 170
186 259
213 170
186 259
213 170
186 259
213 170
186 258
213 171
185 258
214 171
185 258
214 171
185 258
214 171
185 258
214 171
185 257
214 172
185 257
214 172
184 257
215 172
184 257
215 172
184 257
215 172
184 257
215 172
184 256
215 173
184 256
215 173
183 256
216 173
183 256
216 173
183 256
216 173
183 255
216 174
183 255
216 174
182 255
217 174
182 255
217 174
182 254
217 175
182 254
217 175
182 254
217 175
182 254
217 175
182 253
217 176
181 253
218 176
181 253
218 176
181 253
218 176
181 253
218 176
181 252
218 177
181 252
218 177
180 252
219 177
180 252
219 177
180 251
219 178
180 251
219 178
180 251
219 178
180 250
219 179
180 250
219 179
179 250
220 179
179 250
220 179
179 249
220 180
179 249
220 180
179 249
220 180
179 248
220 181
179 248
220 181
178 248
221 181
178 248
221 181
178 247
221 182
178 247
221 182
178 247
221 182
178 246
221 183
178 246
221 183
178 246
221 183
178 245
221 184
177 245
222 184
177 245
222 184
177 244
222 185
177 244
222 185
177 244
222 185
177 243
222 186
177 243
222 186
177 243
222 186
177 242
222 187
177 242
222 187
177 242
222 187
176 241
223 188
176 241
223 188
176 241
223 188
176 240
223 189
176 240
223 189
176 239
223 190
176 239
223 190
176 239
223 190
176 238
223 191
176 238
223 191
176 237
223 192
176 237
223 192
176 237
223 192
176 236
223 193
176 236
223 193
176 235
223 194
176 235
223 194
176 234
223 195
176 234
223 195
176 234
223 195
176 233
223 196
176 233
223 196
176 232
223 197
176 232
223 197
176 231
223 198
176 231
223 198
176 230
223 199
176 230
223 199
176 230
223 199
176 229
223 200
176 229
223 200
176 228
223 201
176 228
223 201
176 227
223 202
176 227
223 202
176 226
223 203
176 226
223 203
177 225
222 204
177 225
222 204
177 224
222 205
177 224
222 205
177 223
222 206
177 223
222 206
177 222
222 207
178 221
221 208
178 221
221 208
178 220
221 209
178 220
221 209
178 219
221 210
179 219
220 210
179 218
220 211
179 218
220 211
179 217
220 212
180 217
219 212
180 216
219 213
180 215
219 214
181 215
218 214
181 214
218 215
181 214
218 215
182 213
217 216
182 213
217 216
183 212
216 217
183 212
216 217
183 211
216 218
184 211
215 218
184 210
215 219
185 209
214 220
186 209
213 220
186 208
213 221
187 208
212 221
187 207
212 222
188 207
211 222
189 207
210 222
189 206
210 223
190 206
209 223
191 205
208 224
192 205
207 224
192 205
207 224
193 204
206 225
194 204
205 225
195 204
204 225
196 204
203 225
197 204
202 225
198 203
201 226
199 203
200 226
199 203
200 226
200 204
199 225
201 204
198 225
202 204
197 225
203 204
196 225
204 204
195 225
205 205
194 224
206 205
193 224
206 205
193 224
207 206
192 223
208 206
191 223
209 206
190 223
209 207
190 222
210 207
189 222
211 208
188 221
211 208
188 221
212 209
187 220
212 210
187 219
213 210
186 219
213 211
186 218
214 211
185 218
214 212
185 217
214 212
185 217
215 213
184 216
215 214
184 215
216 214
183 215
216 215
183 214
216 215
183 214
216 216
183 213
217 217
182 212
217 217
182 212
217 218
182 211
217 218
182 211
217 219
182 210
218 220
181 209
218 220
181 209
218 221
181 208
218 221
181 208
218 222
181 207
218 222
181 207
218 223
181 206
218 223
181 206
218 224
181 205
218 225
181 204
218 225
181 204
218 226
181 203
218 226
181 203
218 227
181 202
218 227
181 202
218 228
181 201
218 228
181 201
218 229
181 200
218 229
181 200
218 229
181 200
218 230
181 199
218 230
181 199
218 231
181 198
218 231
181 198
218 232
181 197
218 232
181 197
217 233
182 196
217 233
182 196
217 233
182 196
217 234
182 195
217 234
182 195
217 235
182 194
217 235
182 194
216 235
183 194
216 236
183 193
216 236
183 193
216 236
183 193
216 237
183 192
216 237
183 192
215 237
184 192
215 238
184 191
215 238
184 191
215 238
184 191
215 239
184 190
214 239
185 190
214 239
185 190
214 240
185 189
214 240
185 189
214 240
185 189
213 240
186 189
213 241
186 188
213 241
186 188
213 241
186 188
213 242
186 187
212 242
187 187
212 242
187 187
212 242
187 187
212 242
187 187
211 243
188 186
211 243
188 186
211 243
188 186
211 243
188 186
210 244
189 185
210 244
189 185
210 244
189 185
210 244
189 185
209 244
190 185
209 244
190 185
209 245
190 184
209 245
190 184
208 245
191 184
208 245
191 184
208 245
191 184
207 245
192 184
207 246
192 183
207 246
192 183
207 246
192 183
206 246
193 183
206 246
193 183
206 246
193 183
206 246
193 183
205 246
194 183
205 246
194 183
205 247
194 182
204 247
195 182
204 247
195 182
204 247
195 182
204 247
195 182
203 247
196 182
203 247
196 182
203 247
196 182
202 247
197 182
202 247
197 182
202 247
197 182
202 247
197 182
201 247
198 182
201 247
198 182
201 247
198 182
200 247
199 182
200 247
199 182
200 247
199 182
200 247
199 182
199 247
200 182
199 247
200 182
199 247
200 182
198 247
201 182
198 247
201 182
198 247
201 182
198 247
201 182
197 247
202 182
197 247
202 182
197 247
202 182
196 247
203 182
196 247
203 182
196 247
203 182
196 246
203 183
195 246
204 183
195 246
204 183
195 246
204 183
194 246
205 183
194 246
205 183
194 246
205 183
194 246
205 183
193 246
206 183
193 245
206 184
193 245
206 184
192 245
207 184
192 245
207 184
192 245
207 184
192 245
207 184
191 244
208 185
191 244
208 185
191 244
208 185
191 244
208 185
190 244
209 185
190 244
209 185
190 243
209 186
190 243
209 186
189 243
210 186
189 243
210 186
189 242
210 187
189 242
210 187
188 242
211 187
188 242
211 187
188 241
211 188
188 241
211 188
187 241
212 188
187 241
212 188
187 240
212 189
187 240
212 189
186 240
213 189
186 239
213 190
186 239
213 190
186 239
213 190
186 239
213 190
185 238
214 191
185 238
214 191
185 238
214 191
185 237
214 192
185 237
214 192
184 237
215 192
184 236
215 193
184 236
215 193
184 235
215 194
184 235
215 194
184 235
215 194
183 234
216 195
183 234
216 195
183 233
216 196
183 233
216 196
183 233
216 196
183 232
216 197
183 232
216 197
183 231
216 198
182 231
217 198
182 230
217 199
182 230
217 199
182 229
217 200
182 229
217 200
182 228
217 201
182 228
217 201
182 227
217 202
182 227
217 202
182 226
217 203
182 226
217 203
182 225
217 204
182 225
217 204
182 224
217 205
182 224
217 205
182 223
217 206
182 222
217 207
182 222
217 207
182 221
217 208
182 221
217 208
183 220
216 209
183 220
216 209
183 219
216 210
183 218
216 211
183 218
216 211
184 217
215 212
184 216
215 213
184 216
215 213
184 215
215 214
185 215
214 214
185 214
214 215
185 213
214 216
186 213
213 216
186 212
213 217
187 211
212 218
187 211
212 218
188 210
211 219
188 210
211 219
189 209
210 220
190 209
209 220
190 208
209 221
191 208
208 221
192 207
207 222
193 207
206 222
193 206
206 223
194 206
205 223
195 206
204 223
196 206
203 223
197 205
202 224
198 205
201 224
199 205
200 224
200 205
199 224
201 205
198 224
202 206
197 223
203 206
196 223
204 206
195 223
205 207
194 222
205 207
194 222
206 208
193 221
207 208
192 221
208 209
191 220
208 209
191 220
209 210
190 219
209 210
190 219
210 211
189 218
210 212
189 217
211 212
188 217
211 213
188 216
212 214
187 215
212 214
187 215
212 215
187 214
212 216
187 213
212 216
187 213
213 217
186 212
213 218
186 211
213 218
186 211
213 219
186 210
213 220
186 209
213 220
186 209
213 221
186 208
213 222
186 207
213 222
186 207
213 223
186 206
213 223
186 206
212 224
187 205
212 224
187 205
212 225
187 204
212 225
187 204
212 226
187 203
212 226
187 203
211 227
188 202
211 227
188 202
211 228
188 201
211 228
188 201
210 229
189 200
210 229
189 200
210 229
189 200
210 230
189 199
209 230
190 199
209 230
190 199
209 231
190 198
208 231
191 198
208 231
191 198
208 232
191 197
207 232
192 197
207 232
192 197
207 232
192 197
206 233
193 196
206 233
193 196
205 233
194 196
205 233
194 196
205 233
194 196
204 233
195 196
204 234
195 195
203 234
196 195
203 234
196 195
203 234
196 195
202 234
197 195
202 234
197 195
201 234
198 195
201 234
198 195
201 234
198 195
200 234
199 195
200 234
199 195
199 234
200 195
199 234
200 195
199 234
200 195
198 234
201 195
198 234
201 195
197 234
202 195
197 234
202 195
197 233
202 196
196 233
203 196
196 233
203 196
195 233
204 196
195 233
204 196
195 233
204 196
194 232
205 197
194 232
205 197
193 232
206 197
193 232
206 197
193 231
206 198
192 231
207 198
192 231
207 198
192 230
207 199
191 230
208 199
191 229
208 200
191 229
208 200
190 229
209 200
190 228
209 201
190 228
209 201
190 227
209 202
189 227
210 202
189 226
210 203
189 226
210 203
189 225
210 204
188 225
211 204
188 224
211 205
188 224
211 205
188 223
211 206
188 222
211 207
188 222
211 207
188 221
211 208
188 220
211 209
188 220
211 209
188 219
211 210
188 218
211 211
188 218
211 211
188 217
211 212
189 216
210 213
189 215
210 214
189 215
210 214
189 214
210 215
190 213
209 216
190 212
209 217
191 212
208 217
192 211
207 218
192 210
207 219
193 210
206 219
194 209
205 220
195 209
204 220
196 208
203 221
197 208
202 221
198 208
201 221
199 208
200 221
200 208
199 221
201 208
198 221
202 208
197 221
203 209
196 220
204 209
195 220
205 210
194 219
205 211
194 218
206 211
193 218
206 212
193 217
207 213
192 216
207 214
192 215
207 215
192 214
207 216
192 213
208 216
191 213
207 217
192 212
207 218
192 211
207 219
192 210
207 219
192 210
207 220
192 209
206 221
193 208
206 221
193 208
205 222
194 207
205 222
194 207
204 223
195 206
204 223
195 206
203 223
196 206
202 223
197 206
202 224
197 205
201 224
198 205
200 224
199 205
200 224
199 205
199 223
200 206
198 223
201 206
198 223
201 206
197 223
202 206
196 222
203 207
196 222
203 207
195 221
204 208
195 220
204 209
194 220
205 209
194 219
205 210
194 218
205 211
194 217
205 212
194 216
205 213
194 215
205 214
195 214
204 215
196 213
203 216
197 212
202 217
198 211
201 218
200 211
199 218
201 212
198 217
202 213
197 216
202 215
197 214
200 216
199 213
198 215
201 214
201 214
198 215
198 215
201 214
200 214
199 215
190 222
209 207
184 227
215 202
178 232
221 197
