200 200
199 229
201 200
198 229
202 200
197 229
203 200
196 229
204 200
195 229
204 200
195 229
205 200
194 229
206 201
193 228
207 201
192 228
208 201
191 228
208 201
191 228
209 202
190 227
210 202
189 227
211 202
188 227
211 203
188 226
212 203
187 226
213 203
186 226
213 204
186 225
214 204
185 225
215 204
184 225
215 205
184 224
216 205
183 224
216 206
183 223
217 206
182 223
217 207
182 222
218 207
181 222
218 207
181 222
219 208
180 221
220 208
179 221
220 209
179 220
220 209
179 220
221 210
178 219
221 210
178 219
222 211
177 218
222 211
177 218
223 212
176 217
223 212
176 217
223 213
176 216
224 213
175 216
224 214
175 215
225 214
174 215
225 215
174 214
225 215
174 214
226 215
173 214
226 216
173 213
226 216
173 213
227 217
172 212
227 217
172 212
227 218
172 211
228 218
171 211
228 219
171 210
228 219
171 210
228 220
171 209
229 220
170 209
229 221
170 208
229 221
170 208
230 222
169 207
230 222
169 207
230 223
169 206
230 223
169 206
230 224
169 205
231 224
168 205
231 224
168 205
231 225
168 204
231 225
168 204
232 226
167 203
232 226
167 203
232 227
167 202
232 227
167 202
232 228
167 201
233 228
166 201
233 228
166 201
233 229
166 200
233 229
166 200
233 230
166 199
233 230
166 199
234 231
165 198
234 231
165 198
234 232
165 197
234 232
165 197
234 232
165 197
234 233
165 196
234 233
165 196
235 234
164 195
235 234
164 195
235 234
164 195
235 235
164 194
235 235
164 194
235 236
164 193
235 236
164 193
235 237
164 192
236 237
163 192
236 237
163 192
236 238
163 191
236 238
163 191
236 239
163 190
236 239
163 190
236 239
163 190
236 240
163 189
